Three-objective 20-job 20-machine Problem

The number of solutions	548

obj1	obj2	obj3		

2245	794	34291		
2245	795	34137		
2245	797	32991		
2246	783	33436		
2252	777	34287		
2257	789	33346		
2258	670	34220		
2258	788	33278		
2258	849	32914		
2260	812	32947		
2262	591	33351
2263	485	33688
2264	577	33380
2264	794	33244
2265	485	33507
2265	577	33156
2269	497	33187
2272	822	32938
2273	671	33056
2273	884	32900
2274	483	33804
2274	910	32820
2275	485	33480
2277	626	33103
2278	774	32958
2278	799	32869
2280	473	33737
2280	622	32921
2280	778	32843
2281	584	33068
2282	461	33449
2282	918	32814
2283	500	33115
2283	508	33098
2284	920	32776
2285	358	34681
2285	438	34307
2285	461	33409
2285	758	32914
2286	386	33926
2287	439	33614
2288	342	34023
2288	386	33904
2288	924	32739
2289	341	34009
2289	380	33863
2289	415	33668
2289	461	33395
2289	903	32842
2290	439	33580
2290	486	33375
2291	456	33285
2291	694	32875
2291	905	32781
2292	415	33594
2292	507	33014
2292	676	32869
2293	567	32989
2294	453	33377
2295	377	33946
2295	452	33457
2295	490	33262
2295	611	32867
2296	401	33842
2296	506	33113
2296	846	32840
2297	342	33893
2297	377	33595
2298	309	34824
2298	327	33945
2298	579	32982
2298	892	32818
2299	452	33201
2299	807	32826
2299	853	32798
2299	854	32782
2299	891	32723
2300	400	33447
2300	506	33083
2301	426	33383
2301	645	32846
2301	698	32802
2301	718	32765
2301	736	32759
2301	892	32715
2302	369	33875
2302	553	32996
2303	285	34364
2304	502	33107
2304	659	32794
2304	903	32706
2305	611	32760
2305	723	32733
2306	371	33565
2306	427	33334
2306	506	33059
2306	542	32877
2306	559	32869
2307	352	33664
2308	502	33077
2309	400	33420
2309	475	33184
2310	305	34350
2310	312	34233
2310	318	34044
2310	352	33626
2310	452	33155
2311	969	32681
2312	309	34070
2312	327	33800
2312	368	33609
2312	502	33020
2312	735	32719
2312	1067	32645
2313	279	34730
2314	316	34030
2314	416	33412
2314	450	33174
2314	494	33078
2315	313	33788
2316	272	34667
2316	377	33507
2316	808	32684
2317	290	34236
2317	347	33452
2317	703	32751
2317	955	32679
2317	968	32669
2318	308	33950
2318	392	33451
2318	406	33417
2318	810	32593
2319	272	34662
2319	284	34452
2319	421	33381
2319	726	32713
2320	290	34136
2320	344	33762
2321	278	34459
2321	340	33781
2321	377	33432
2322	277	34609
2322	303	33946
2322	720	32703
2323	265	34632
2323	274	34392
2323	278	34258
2324	253	34277
2324	290	34074
2324	445	33279
2324	449	33150
2324	452	33141
2324	480	33084
2324	726	32682
2325	222	34781
2325	288	33937
2325	342	33643
2325	677	32719
2326	310	33879
2326	392	33423
2327	207	34776
2327	535	32834
2327	790	32646
2328	265	34061
2328	400	33415
2329	700	32716
2329	735	32650
2329	804	32594
2330	248	34605
2330	339	33757
2330	341	33709
2330	426	33358
2330	440	33296
2330	514	32953
2331	197	34692
2331	288	33879
2331	342	33548
2331	733	32679
2331	945	32585
2332	194	34768
2332	327	33729
2333	464	33087
2333	502	33008
2334	207	34332
2334	308	33851
2334	400	33408
2334	407	33370
2334	439	33329
2335	185	34906
2335	246	34294
2335	400	33406
2336	318	33769
2336	406	33386
2336	425	33368
2336	757	32632
2336	791	32622
2336	812	32581
2338	179	35280
2338	311	33759
2338	378	33400
2338	496	33066
2339	183	34730
2339	187	34679
2339	671	32706
2339	735	32594
2340	180	34941
2340	192	34335
2340	249	33955
2340	416	33324
2341	176	35263
2341	303	33869
2341	342	33545
2341	609	32826
2341	733	32673
2342	264	33939
2342	327	33690
2342	720	32699
2343	303	33841
2343	609	32751
2343	819	32570
2343	935	32568
2344	182	34535
2344	464	33077
2344	526	32952
2345	148	35264
2345	159	34870
2345	288	33834
2345	493	33075
2345	797	32592
2345	876	32495
2346	245	34271
2346	822	32568
2347	325	33758
2347	375	33451
2347	496	33044
2347	503	32917
2347	790	32582
2348	342	33522
2348	400	33342
2348	824	32553
2349	246	34247
2349	493	33053
2349	496	33041
2349	784	32588
2349	825	32534
2350	342	33512
2350	418	33311
2350	666	32717
2351	139	34565
2351	337	33573
2351	364	33435
2352	228	34129
2352	288	33809
2352	489	33063
2352	493	32995
2353	671	32702
2353	734	32672
2354	325	33740
2354	465	33076
2355	342	33508
2356	671	32689
2357	337	33570
2357	342	33498
2357	464	33032
2357	516	32884
2357	790	32566
2358	129	35082
2358	228	34105
2358	432	33297
2358	726	32661
2359	103	36165
2359	128	34503
2359	264	33907
2359	325	33733
2359	726	32609
2359	784	32580
2360	288	33793
2360	325	33702
2360	342	33483
2360	797	32539
2361	337	33450
2361	407	33330
2362	796	32561
2363	290	33790
2363	307	33763
2363	452	33139
2363	496	32974
2364	396	33368
2364	507	32856
2364	511	32841
2364	541	32817
2364	886	32452
2365	116	35214
2365	228	34027
2365	245	34002
2365	601	32813
2365	684	32670
2366	392	33356
2366	664	32741
2367	122	34650
2367	315	33744
2367	429	33278
2367	607	32793
2367	842	32493
2368	101	36011
2368	249	33940
2368	377	33428
2368	487	32937
2369	116	35187
2369	359	33424
2369	373	33371
2369	516	32804
2370	474	33007
2370	485	32989
2370	797	32529
2371	228	33972
2371	318	33687
2371	424	33269
2371	448	33256
2371	466	33026
2371	474	32980
2371	503	32882
2372	88	36213
2372	195	34333
2372	321	33559
2372	424	33186
2372	796	32554
2373	96	36026
2373	264	33759
2373	303	33719
2373	452	33106
2374	97	35109
2374	192	34326
2374	392	33354
2374	511	32829
2375	414	33323
2376	207	34287
2376	378	33336
2376	446	32972
2376	773	32572
2377	195	34293
2377	342	33436
2377	416	33303
2378	510	32835
2379	120	35043
2379	187	34454
2379	251	33799
2379	424	33174
2380	116	35024
2380	416	33280
2381	210	34282
2381	359	33411
2381	386	33320
2381	607	32735
2382	744	32572
2383	88	36097
2383	108	34802
2383	182	34491
2384	342	33434
2384	424	33147
2384	503	32814
2384	569	32731
2385	249	33896
2385	424	33118
2386	418	33249
2386	424	33019
2387	93	35121
2387	192	34223
2388	182	34427
2390	804	32496
2391	97	34888
2391	178	34415
2391	480	32957
2392	359	33357
2392	373	33321
2393	985	32444
2394	84	35439
2394	90	35405
2395	392	33278
2395	482	32955
2396	91	34806
2396	97	34799
2396	134	34439
2396	137	34415
2396	228	33956
2397	90	35088
2398	97	34785
2398	140	34395
2398	315	33653
2399	553	32775
2400	228	33878
2402	223	34208
2402	251	33789
2402	337	33394
2403	258	33756
2404	128	34476
2404	886	32398
2405	221	34201
2406	501	32898
2407	69	35705
2408	446	32884
2409	97	34720
2410	128	34446
2410	223	34184
2411	97	34634
2411	250	33862
2412	86	35111
2412	250	33851
2413	89	34959
2413	90	34925
2413	318	33636
2413	392	33266
2414	321	33490
2415	67	35878
2415	250	33849
2416	97	34581
2416	290	33736
2417	69	35626
2418	79	35441
2418	128	34391
2418	264	33703
2419	62	35898
2419	86	34914
2419	90	34880
2419	187	34375
2420	69	35585
2421	460	32874
2422	79	35395
2422	484	32868
2423	248	33876
2424	64	35765
2424	86	34766
2424	90	34732
2424	424	32933
2425	86	34733
2425	90	34699
2425	250	33787
2426	79	35275
2426	122	34538
2426	219	34217
2426	311	33672
2428	244	33816
2428	264	33688
2429	59	35694
2431	112	34576
2431	228	33874
2431	423	33234
2433	123	34503
2434	86	34639
2434	90	34605
2434	250	33774
2435	365	33353
2437	244	33798
2438	228	33832
2438	282	33685
2439	165	34316
2439	313	33636
2440	71	35527
2440	192	34195
2441	112	34567
2441	251	33712
2443	55	36453
2443	401	33263
2444	77	35301
2444	134	34387
2444	137	34373
2445	58	35675
2445	71	35482
2446	65	35355
2446	71	35342
2446	144	34362
2447	86	34614
2447	90	34580
2448	53	36513
2448	97	34560
2451	141	34367
2453	79	35262
2453	143	34348
2453	223	34180
2454	58	35647
2454	223	34162
2455	77	35291
2455	228	33816
2456	54	36390
2456	79	35236
2457	65	35178
2457	79	35168
2458	112	34545
2459	77	35160
2461	52	36220
2462	83	35091
2463	206	34163
2465	43	36336
2465	63	35626
2465	165	34311
2466	43	36217
2468	331	33458
2469	63	35354
2469	228	33808
2470	49	36171
2470	58	35624
2471	63	35231
2472	58	35578
2478	203	34167
2478	206	34121
2480	240	33749
2483	49	36141
2485	195	34188
2488	65	35108
2488	282	33627
2489	206	34112
2501	63	35197
2501	74	35093
2501	191	34304
2511	201	34137
2513	41	36194
2515	46	36066
2517	35	36490
2524	41	36177
2525	83	35007
2526	97	34544
2528	46	36057
2529	35	36410
2532	41	36161
2534	46	36033
2534	74	35055
2539	125	34461
2540	35	36388
2542	35	36338
2542	37	36292
2546	41	36124
2548	35	36185
2548	37	36110
2549	77	35018
2552	86	34601
2552	90	34567
2553	86	34570
2553	90	34536
2556	79	35000
2558	46	36016
2563	65	35083
2564	84	34976
2568	58	35571
2569	63	35120
2573	74	35025
2576	60	35550
2587	74	35004
2596	80	34990
